# ---------------------------------------------
# wiki-schwarzwald-cont colormap
# Source: http://soliton.vm.bytemark.co.uk/pub/cpt-city/wkp/schwarzwald/tn/wiki-schwarzwald-cont.png.index.html
0 0 0
174 239 213
174 239 212
175 240 211
176 242 208
176 242 205
176 242 202
176 242 199
177 242 196
177 242 193
176 243 190
176 244 186
177 245 184
178 246 181
180 246 179
181 246 178
186 247 178
189 247 178
192 247 178
195 247 178
198 248 178
201 248 178
204 249 178
210 250 177
214 250 177
217 250 178
221 250 178
224 251 178
231 252 178
235 252 178
238 252 179
242 252 179
245 252 179
247 252 179
250 252 178
248 249 172
243 247 167
238 244 162
232 242 156
226 240 151
213 235 140
205 231 134
198 228 128
191 225 123
184 222 118
177 219 113
170 216 108
154 211 98
147 208 94
140 205 89
132 202 85
125 199 82
110 194 74
102 191 70
94 188 66
86 185 62
77 182 57
69 179 53
62 176 50
49 171 44
44 168 43
39 165 42
35 163 42
30 160 43
24 154 46
21 151 48
18 148 49
16 145 51
14 142 52
12 140 54
9 137 56
7 132 60
9 131 62
12 130 63
18 130 63
24 130 63
40 132 61
46 134 61
52 136 60
58 138 60
64 140 59
70 141 59
76 142 59
87 146 56
93 147 55
99 148 54
105 149 53
110 150 52
120 154 50
124 155 49
128 156 48
132 158 47
137 160 46
142 161 44
147 162 43
156 164 41
161 165 40
166 166 39
171 168 37
176 170 36
187 173 34
192 175 32
197 176 30
202 176 29
207 177 28
213 178 26
218 179 24
228 180 20
233 181 17
238 182 14
242 182 11
246 182 8
248 176 4
246 171 3
244 166 2
241 160 2
238 155 2
235 149 2
232 144 2
226 132 2
223 127 2
220 122 2
218 116 2
216 111 2
211 102 2
209 97 2
206 92 2
203 88 2
200 84 2
192 74 2
189 70 2
186 66 2
183 62 2
180 58 2
177 54 2
174 49 2
169 42 2
166 39 2
163 36 2
160 33 2
157 30 2
151 23 2
149 21 2
146 18 1
144 16 1
141 14 1
138 11 1
135 8 0
130 5 0
128 5 0
125 4 0
123 6 1
122 8 2
119 13 2
119 15 2
118 16 2
118 17 3
117 18 4
117 19 4
117 20 4
117 21 4
117 21 4
116 22 4
116 23 4
116 24 5
114 26 6
114 28 6
114 29 6
113 30 6
112 31 7
112 32 7
111 33 8
110 35 8
110 35 8
110 36 8
110 37 8
109 38 9
108 40 10
108 40 10
108 40 10
108 41 10
108 42 10
108 43 10
107 44 11
106 44 12
106 45 12
106 46 12
106 47 13
107 48 14
110 52 18
112 54 20
113 57 23
115 59 25
116 62 28
117 64 30
118 66 32
121 70 37
123 72 40
125 74 43
127 76 47
128 79 50
131 85 56
133 87 60
135 90 63
137 93 66
138 96 69
139 98 73
140 101 76
144 106 84
146 108 87
147 111 90
149 113 93
150 116 96
152 122 104
154 126 108
156 129 112
157 132 116
158 135 120
159 138 125
160 141 130
163 147 139
165 151 143
166 154 147
166 157 151
167 160 156
170 167 164
171 169 168
172 172 171
173 173 173
174 174 174
176 176 176
178 178 178
181 181 181
183 183 183
184 184 184
186 186 186
188 188 188
192 192 192
194 194 194
196 196 196
198 198 198
200 200 200
202 202 202
204 204 204
208 206 208
210 208 210
212 210 212
214 212 214
216 214 216
218 216 218
220 218 220
221 219 221
223 221 223
225 223 225
227 225 227
229 227 229
233 231 233
